45 126
0 Rio Branco 1
1 Cruzeiro do Sul 0
2 Sena Madureira 0
3 Tarauacá 0
4 Feijó 0
5 Manaus 1
6 Parintins 0
7 Tefé 0
8 Tabatinga 0
9 Coari 0
10 Macapá 1
11 Oiapoque 0
12 Laranjal do Jari 0
13 Santana 0
14 Mazagão 0
15 Imperatriz 1
16 Açailândia 0
17 Balsas 0
18 Carolina 0
19 Grajaú 0
20 Cuiabá 1
21 Rondonópolis 0
22 Sinop 0
23 Alta Floresta 0
24 Tangará da Serra 0
25 Belém 1
26 Santarém 0
27 Marabá 0
28 Altamira 0
29 Parauapebas 0
30 Porto Velho 1
31 Ji-Paraná 0
32 Ariquemes 0
33 Vilhena 0
34 Cacoal 0
35 Boa Vista 1
36 Caracaraí 0
37 Rorainópolis 0
38 Mucajaí 0
39 Pacaraima 0
40 Palmas 1
41 Gurupi 0
42 Araguaína 0
43 Porto Nacional 0
44 Tocantinópolis 0
0 1 744
0 2 607
0 3 229
0 4 408
0 5 868
0 10 1179
0 15 1865
0 20 962
0 25 1995
0 30 1870
0 35 672
0 40 991
1 2 610
1 3 668
1 4 431
2 3 679
2 4 468
3 4 261
5 6 535
5 7 227
5 8 735
5 9 172
5 10 1127
5 15 1219
5 20 1755
5 25 915
5 30 888
5 35 770
5 40 1139
6 7 540
6 8 549
6 9 244
7 8 548
7 9 534
8 9 458
10 11 424
10 12 108
10 13 412
10 14 800
10 15 1171
10 20 1437
10 25 1042
10 30 1026
10 35 1975
10 40 566
11 12 596
11 13 312
11 14 546
12 13 406
12 14 526
13 14 625
15 16 655
15 17 456
15 18 117
15 19 129
15 20 1796
15 25 929
15 30 753
15 35 1158
15 40 1677
16 17 200
16 18 193
16 19 613
17 18 134
17 19 370
18 19 298
20 21 140
20 22 247
20 23 600
20 24 313
20 25 1648
20 30 872
20 35 705
20 40 1370
21 22 459
21 23 415
21 24 227
22 23 789
22 24 792
23 24 357
25 26 770
25 27 272
25 28 348
25 29 102
25 30 1863
25 35 1442
25 40 919
26 27 567
26 28 249
26 29 760
27 28 762
27 29 255
28 29 120
30 31 561
30 32 593
30 33 529
30 34 356
30 35 1058
30 40 602
31 32 704
31 33 695
31 34 337
32 33 530
32 34 347
33 34 401
35 36 376
35 37 700
35 38 641
35 39 699
35 40 767
36 37 670
36 38 432
36 39 490
37 38 347
37 39 730
38 39 186
40 41 614
40 42 639
40 43 710
40 44 543
41 42 349
41 43 594
41 44 210
42 43 392
42 44 591
43 44 464